1578559318.322075904 0.000000013 0.000000013 
1578559318.342271195 -0.002094394 -0.002094376 
1578559318.362256031 -0.004188875 -0.004188728 
1578559318.382333382 -0.006283503 -0.006283006 
1578559318.402258897 -0.008378351 -0.008377175 
1578559318.422282464 -0.010473493 -0.010471196 
1578559318.442275460 -0.012569003 -0.012565033 
1578559318.462307776 -0.014664954 -0.014658650 
1578559318.482284907 -0.016761419 -0.016752009 
1578559318.502245772 -0.018858472 -0.018845073 
1578559318.522309347 -0.020956187 -0.020937805 
1578559318.542284974 -0.023054637 -0.023030168 
1578559318.562299885 -0.025153896 -0.025122125 
1578559318.582274746 -0.027254036 -0.027213639 
1578559318.602281808 -0.029355133 -0.029304671 
1578559318.622262902 -0.031457258 -0.031395185 
1578559318.642304197 -0.033560487 -0.033485142 
1578559318.662318543 -0.035664891 -0.035574505 
1578559318.682273305 -0.037770546 -0.037663236 
1578559318.702326593 -0.039877524 -0.039751297 
1578559318.722273486 -0.041985900 -0.041838649 
1578559318.742248375 -0.044095746 -0.043925255 
1578559318.762315192 -0.046207136 -0.046011074 
1578559318.782286979 -0.048320145 -0.048096069 
1578559318.802306232 -0.050434845 -0.050180200 
1578559318.822287335 -0.052551310 -0.052263429 
1578559318.842302762 -0.054669615 -0.054345715 
1578559318.862260361 -0.056789832 -0.056427019 
1578559318.882288996 -0.058912035 -0.058507301 
1578559318.902283997 -0.061036298 -0.060586521 
1578559318.922253376 -0.063162695 -0.062664639 
1578559318.942303238 -0.065291300 -0.064741613 
1578559318.962323099 -0.067422185 -0.066817403 
1578559318.982255165 -0.069555426 -0.068891967 
1578559319.002271317 -0.071691095 -0.070965264 
1578559319.022266100 -0.073829267 -0.073037252 
1578559319.042313329 -0.075970015 -0.075107888 
1578559319.062273112 -0.078113413 -0.077177131 
1578559319.082297238 -0.080259535 -0.079244937 
1578559319.102274161 -0.082408454 -0.081311264 
1578559319.122269851 -0.084560245 -0.083376067 
1578559319.142296517 -0.086714981 -0.085439303 
1578559319.162263918 -0.088872737 -0.087500927 
1578559319.182385335 -0.091033585 -0.089560896 
1578559319.202252347 -0.093197600 -0.091619162 
1578559319.222242934 -0.095364856 -0.093675683 
1578559319.242288644 -0.097535426 -0.095730410 
1578559319.262283395 -0.099709385 -0.097783299 
1578559319.282284033 -0.101886805 -0.099834302 
1578559319.302248660 -0.104067762 -0.101883372 
1578559319.322293684 -0.106252329 -0.103930461 
1578559319.342280753 -0.108440580 -0.105975522 
1578559319.362310161 -0.110632588 -0.108018506 
1578559319.382281138 -0.112828427 -0.110059364 
1578559319.402256069 -0.115028172 -0.112098046 
1578559319.422329324 -0.117231896 -0.114134502 
1578559319.442343341 -0.119439673 -0.116168681 
1578559319.462361143 -0.121651577 -0.118200533 
1578559319.482284265 -0.123867681 -0.120230006 
1578559319.502286594 -0.126088060 -0.122257048 
1578559319.522301913 -0.128312786 -0.124281605 
1578559319.542278558 -0.130541934 -0.126303625 
1578559319.562293890 -0.132775578 -0.128323053 
1578559319.582293634 -0.135013791 -0.130339836 
1578559319.602345223 -0.137256646 -0.132353917 
1578559319.622289803 -0.139504218 -0.134365242 
1578559319.642301836 -0.141756580 -0.136373753 
1578559319.662322996 -0.144013805 -0.138379395 
1578559319.682289986 -0.146275966 -0.140382109 
1578559319.702322119 -0.148543138 -0.142381836 
1578559319.722331369 -0.150815394 -0.144378519 
1578559319.742296877 -0.153092807 -0.146372097 
1578559319.762276331 -0.155375450 -0.148362509 
1578559319.782306560 -0.157663396 -0.150349696 
1578559319.802326257 -0.159956718 -0.152333595 
1578559319.822221759 -0.162255491 -0.154314143 
1578559319.842269687 -0.164559785 -0.156291278 
1578559319.862290443 -0.166869675 -0.158264935 
1578559319.882271602 -0.169185234 -0.160235050 
1578559319.902313529 -0.171506533 -0.162201556 
1578559319.922275818 -0.173833645 -0.164164388 
1578559319.942295990 -0.176166643 -0.166123479 
1578559319.962285581 -0.178505600 -0.168078761 
1578559319.982259710 -0.180850587 -0.170030164 
1578559320.002290988 -0.183201677 -0.171977619 
1578559320.022313070 -0.185558941 -0.173921056 
1578559320.042325718 -0.187922452 -0.175860403 
1578559320.062275462 -0.190292282 -0.177795588 
1578559320.082313541 -0.192668501 -0.179726539 
1578559320.102283815 -0.195051181 -0.181653180 
1578559320.122292542 -0.197440394 -0.183575438 
1578559320.142236839 -0.199836210 -0.185493236 
1578559320.162283752 -0.202238701 -0.187406497 
1578559320.182299534 -0.204647937 -0.189315145 
1578559320.202292442 -0.207063989 -0.191219099 
1578559320.222256437 -0.209486926 -0.193118281 
1578559320.242289716 -0.211916820 -0.195012609 
1578559320.262278015 -0.214353739 -0.196902003 
1578559320.282315705 -0.216797754 -0.198786379 
1578559320.302263116 -0.219248934 -0.200665654 
1578559320.322338680 -0.221707347 -0.202539743 
1578559320.342292906 -0.224173064 -0.204408560 
1578559320.362250097 -0.226646151 -0.206272019 
1578559320.382331364 -0.229126679 -0.208130031 
1578559320.402272604 -0.231614714 -0.209982507 
1578559320.422320580 -0.234110324 -0.211829358 
1578559320.442276415 -0.236613577 -0.213670492 
1578559320.462316376 -0.239124540 -0.215505816 
1578559320.482286441 -0.241643279 -0.217335237 
1578559320.502312170 -0.244169860 -0.219158661 
1578559320.522238850 -0.246704350 -0.220975992 
1578559320.542303164 -0.249246815 -0.222787132 
1578559320.562316069 -0.251797318 -0.224591983 
1578559320.582280347 -0.254355926 -0.226390446 
1578559320.662521932 -0.256922702 -0.228182420 
1578559320.662854635 -0.259497710 -0.229967803 
1578559320.682782241 -0.262081014 -0.231746493 
1578559320.702810001 -0.264672676 -0.233518384 
1578559320.722784688 -0.267272759 -0.235283371 
1578559320.742829878 -0.269881325 -0.237041347 
1578559320.762745020 -0.272498436 -0.238792204 
1578559320.782777547 -0.275124151 -0.240535832 
1578559320.802803918 -0.277758532 -0.242272120 
1578559320.822780804 -0.280401639 -0.244000956 
1578559320.842798180 -0.283053529 -0.245722226 
1578559320.862789592 -0.285714263 -0.247435815 
1578559320.882770614 -0.288383897 -0.249141607 
1578559320.902757401 -0.291062490 -0.250839485 
1578559320.922796202 -0.293750097 -0.252529328 
1578559320.942773411 -0.296446775 -0.254211017 
1578559320.962783981 -0.299152578 -0.255884429 
1578559320.982802895 -0.301867562 -0.257549442 
1578559321.002788343 -0.304591779 -0.259205929 
1578559321.022784118 -0.307325283 -0.260853765 
1578559321.042773132 -0.310068126 -0.262492822 
1578559321.062794023 -0.312820359 -0.264122971 
1578559321.082799553 -0.315582033 -0.265744080 
1578559321.102763104 -0.318353196 -0.267356018 
1578559321.122784243 -0.321133899 -0.268958651 
1578559321.142789081 -0.323924188 -0.270551843 
1578559321.162783259 -0.326724110 -0.272135458 
1578559321.182804292 -0.329533711 -0.273709356 
1578559321.202860317 -0.332353037 -0.275273399 
1578559321.222816283 -0.335182130 -0.276827443 
1578559321.242833676 -0.338021034 -0.278371347 
1578559321.262817654 -0.340869790 -0.279904966 
1578559321.282774639 -0.343728439 -0.281428152 
1578559321.302761049 -0.346597020 -0.282940759 
1578559321.322769838 -0.349475571 -0.284442636 
1578559321.342752586 -0.352364130 -0.285933633 
1578559321.362764848 -0.355262732 -0.287413596 
1578559321.382797476 -0.358171412 -0.288882371 
1578559321.402762181 -0.361090203 -0.290339802 
1578559321.422778321 -0.364019138 -0.291785731 
1578559321.442777714 -0.366958246 -0.293219999 
1578559321.462823314 -0.369907556 -0.294642444 
1578559321.482785141 -0.372867097 -0.296052904 
1578559321.502784692 -0.375836896 -0.297451214 
1578559321.522807841 -0.378816975 -0.298837209 
1578559321.542752430 -0.381807360 -0.300210720 
1578559321.562814214 -0.384808071 -0.301571577 
1578559321.582768557 -0.387819129 -0.302919610 
1578559321.602817114 -0.390840553 -0.304254645 
1578559321.622752130 -0.393872358 -0.305576509 
1578559321.642808021 -0.396914560 -0.306885024 
1578559321.662774910 -0.399967172 -0.308180012 
1578559321.682914235 -0.403030206 -0.309461295 
1578559321.702761295 -0.406103671 -0.310728689 
1578559321.722815922 -0.409187575 -0.311982013 
1578559321.742806722 -0.412281924 -0.313221080 
1578559321.762828494 -0.415386722 -0.314445705 
1578559321.782768840 -0.418501971 -0.315655700 
1578559321.802814589 -0.421627670 -0.316850874 
1578559321.822785359 -0.424763817 -0.318031035 
1578559321.842782412 -0.427910407 -0.319195990 
1578559321.862788088 -0.431067435 -0.320345545 
1578559321.882780226 -0.434234890 -0.321479502 
1578559321.902796131 -0.437412763 -0.322597662 
1578559321.922833768 -0.440601039 -0.323699826 
1578559321.942765140 -0.443799703 -0.324785792 
1578559321.962773254 -0.447008736 -0.325855357 
1578559321.982823178 -0.450228118 -0.326908315 
1578559322.002768731 -0.453457825 -0.327944459 
1578559322.022790746 -0.456697831 -0.328963582 
1578559322.042761456 -0.459948108 -0.329965473 
1578559322.062769616 -0.463208626 -0.330949921 
1578559322.082782424 -0.466479349 -0.331916713 
1578559322.102805283 -0.469760242 -0.332865633 
1578559322.122781728 -0.473051264 -0.333796467 
1578559322.142797049 -0.476352374 -0.334708995 
1578559322.162802171 -0.479663526 -0.335602999 
1578559322.182773192 -0.482984673 -0.336478258 
1578559322.202834128 -0.486315761 -0.337334550 
1578559322.222835253 -0.489656738 -0.338171650 
1578559322.242829054 -0.493007546 -0.338989335 
1578559322.262828661 -0.496368124 -0.339787377 
1578559322.282781560 -0.499738407 -0.340565549 
1578559322.302801891 -0.503118329 -0.341323621 
1578559322.322784414 -0.506507819 -0.342061363 
1578559322.342775014 -0.509906802 -0.342778543 
1578559322.362849333 -0.513315201 -0.343474927 
1578559322.382768029 -0.516732935 -0.344150283 
1578559322.402797234 -0.520159919 -0.344804373 
1578559322.422821067 -0.523596064 -0.345436963 
1578559322.442778550 -0.527041278 -0.346047812 
1578559322.462784541 -0.530495466 -0.346636684 
1578559322.482759085 -0.533958527 -0.347203339 
1578559322.502805285 -0.537430358 -0.347747534 
1578559322.522820285 -0.540910851 -0.348269029 
1578559322.542781285 -0.544399894 -0.348767581 
1578559322.562817670 -0.547897372 -0.349242947 
1578559322.582840799 -0.551403165 -0.349694881 
1578559322.602821246 -0.554917149 -0.350123140 
1578559322.622783235 -0.558439195 -0.350527477 
1578559322.642763482 -0.561969171 -0.350907645 
1578559322.662821687 -0.565506939 -0.351263399 
1578559322.682749927 -0.569052359 -0.351594489 
1578559322.702841852 -0.572605285 -0.351900669 
1578559322.722802306 -0.576165566 -0.352181690 
1578559322.742804459 -0.579733046 -0.352437303 
1578559322.762824696 -0.583307568 -0.352667259 
1578559322.782805764 -0.586888965 -0.352871309 
1578559322.802817133 -0.590477070 -0.353049203 
1578559322.822775878 -0.594071707 -0.353200691 
1578559322.842833052 -0.597672699 -0.353325526 
1578559322.862826556 -0.601279862 -0.353423456 
1578559322.882792746 -0.604893006 -0.353494233 
1578559322.902797191 -0.608511938 -0.353537608 
1578559322.922758005 -0.612136460 -0.353553332 
1578559322.942815348 -0.615766367 -0.353541156 
1578559322.962794415 -0.619401450 -0.353500833 
1578559322.982779586 -0.623041495 -0.353432116 
1578559323.002800942 -0.626686282 -0.353334759 
1578559323.022811664 -0.630335587 -0.353208514 
1578559323.042788389 -0.633989179 -0.353053138 
1578559323.062806583 -0.637646821 -0.352868385 
1578559323.082801441 -0.641308274 -0.352654015 
1578559323.102791938 -0.644973290 -0.352409783 
1578559323.122781810 -0.648641617 -0.352135450 
1578559323.142807020 -0.652312998 -0.351830777 
1578559323.162803712 -0.655987168 -0.351495526 
1578559323.182838256 -0.659663859 -0.351129460 
1578559323.202827674 -0.663342796 -0.350732346 
1578559323.222819184 -0.667023699 -0.350303949 
1578559323.242794501 -0.670706281 -0.349844040 
1578559323.262820319 -0.674390250 -0.349352390 
1578559323.282813578 -0.678075309 -0.348828772 
1578559323.302774961 -0.681761155 -0.348272961 
1578559323.322841932 -0.685447477 -0.347684736 
1578559323.342776348 -0.689133960 -0.347063878 
1578559323.362818314 -0.692820284 -0.346410169 
1578559323.382793837 -0.696506121 -0.345723395 
1578559323.402774663 -0.700191138 -0.345003345 
1578559323.422823934 -0.703874997 -0.344249812 
1578559323.442803377 -0.707557352 -0.343462590 
1578559323.462835744 -0.711237854 -0.342641477 
1578559323.482775731 -0.714916145 -0.341786277 
1578559323.502827234 -0.718591864 -0.340896793 
1578559323.522780928 -0.722264641 -0.339972835 
1578559323.542769100 -0.725934103 -0.339014217 
1578559323.562794567 -0.729599869 -0.338020756 
1578559323.582769495 -0.733261553 -0.336992272 
1578559323.602766529 -0.736918764 -0.335928592 
1578559323.622810701 -0.740571103 -0.334829545 
1578559323.642793187 -0.744218168 -0.333694966 
1578559323.662805032 -0.747859549 -0.332524695 
1578559323.682740640 -0.751494831 -0.331318576 
1578559323.702786226 -0.755123593 -0.330076460 
1578559323.722812410 -0.758745410 -0.328798199 
1578559323.742764571 -0.762359848 -0.327483655 
1578559323.762781986 -0.765966472 -0.326132694 
1578559323.782766175 -0.769564837 -0.324745186 
1578559323.802767990 -0.773154496 -0.323321009 
1578559323.822807888 -0.776734994 -0.321860047 
1578559323.842759822 -0.780305873 -0.320362189 
1578559323.862794216 -0.783866667 -0.318827330 
1578559323.882760738 -0.787416909 -0.317255374 
1578559323.902809177 -0.790956122 -0.315646228 
1578559323.922818328 -0.794483828 -0.313999810 
1578559323.942772718 -0.797999541 -0.312316041 
1578559323.962787464 -0.801502774 -0.310594852 
1578559323.982721409 -0.804993031 -0.308836180 
1578559324.002828841 -0.808469814 -0.307039970 
1578559324.022797589 -0.811932619 -0.305206173 
1578559324.042764283 -0.815380940 -0.303334751 
1578559324.062779403 -0.818814265 -0.301425671 
1578559324.082812877 -0.822232077 -0.299478909 
1578559324.102838338 -0.825633857 -0.297494449 
1578559324.122765746 -0.829019080 -0.295472285 
1578559324.142798049 -0.832387220 -0.293412416 
1578559324.162821158 -0.835737745 -0.291314854 
1578559324.182798097 -0.839070120 -0.289179616 
1578559324.202835536 -0.842383808 -0.287006731 
1578559324.222805435 -0.845678267 -0.284796235 
1578559324.242833668 -0.848952953 -0.282548173 
1578559324.262802253 -0.852207320 -0.280262602 
1578559324.282833936 -0.855440817 -0.277939586 
1578559324.302801796 -0.858652894 -0.275579199 
1578559324.322801560 -0.861842996 -0.273181525 
1578559324.342754405 -0.865010566 -0.270746658 
1578559324.362773580 -0.868155047 -0.268274703 
1578559324.382831634 -0.871275878 -0.265765773 
1578559324.402826867 -0.874372498 -0.263219993 
1578559324.422797520 -0.877444344 -0.260637496 
1578559324.442801386 -0.880490853 -0.258018429 
1578559324.462771013 -0.883511460 -0.255362946 
1578559324.482826797 -0.886505600 -0.252671214 
1578559324.502804363 -0.889472707 -0.249943409 
1578559324.522873702 -0.892412216 -0.247179718 
1578559324.542760226 -0.895323560 -0.244380341 
1578559324.562772081 -0.898206174 -0.241545485 
1578559324.582814076 -0.901059492 -0.238675373 
1578559324.602790892 -0.903882952 -0.235770234 
1578559324.622806410 -0.906675989 -0.232830310 
1578559324.642802183 -0.909438042 -0.229855857 
1578559324.662871919 -0.912168549 -0.226847137 
1578559324.682801809 -0.914866953 -0.223804427 
1578559324.702788641 -0.917532697 -0.220728015 
1578559324.722825935 -0.920165225 -0.217618197 
1578559324.742768699 -0.922763988 -0.214475285 
1578559324.762756547 -0.925328434 -0.211299598 
1578559324.782815543 -0.927858019 -0.208091469 
1578559324.802834053 -0.930352200 -0.204851242 
1578559324.822760597 -0.932810438 -0.201579270 
1578559324.842823686 -0.935232198 -0.198275921 
1578559324.862829507 -0.937616949 -0.194941571 
1578559324.882834637 -0.939964165 -0.191576609 
1578559324.902807152 -0.942273323 -0.188181433 
1578559324.922812642 -0.944543907 -0.184756455 
1578559324.942788484 -0.946775406 -0.181302097 
1578559324.962818703 -0.948967314 -0.177818790 
1578559324.982751229 -0.951119130 -0.174306978 
1578559325.002872239 -0.953230362 -0.170767115 
1578559325.022825252 -0.955300520 -0.167199667 
1578559325.042765433 -0.957329125 -0.163605108 
1578559325.062786659 -0.959315702 -0.159983925 
1578559325.082769448 -0.961259784 -0.156336615 
1578559325.102819926 -0.963160913 -0.152663683 
1578559325.122796567 -0.965018636 -0.148965646 
1578559325.142757269 -0.966832510 -0.145243032 
1578559325.162815133 -0.968602099 -0.141496377 
1578559325.182804268 -0.970326977 -0.137726227 
1578559325.202771536 -0.972006726 -0.133933139 
1578559325.222771871 -0.973640936 -0.130117676 
1578559325.242795261 -0.975229208 -0.126280414 
1578559325.262777293 -0.976771151 -0.122421937 
1578559325.282786437 -0.978266386 -0.118542835 
1578559325.302775317 -0.979714541 -0.114643710 
1578559325.322798279 -0.981115256 -0.110725171 
1578559325.342799407 -0.982468182 -0.106787836 
1578559325.362789024 -0.983772979 -0.102832328 
1578559325.382770673 -0.985029320 -0.098859283 
1578559325.402815706 -0.986236886 -0.094869338 
1578559325.422790724 -0.987395372 -0.090863144 
1578559325.442836229 -0.988504483 -0.086841353 
1578559325.462821300 -0.989563938 -0.082804628 
1578559325.482763090 -0.990573465 -0.078753635 
1578559325.502784184 -0.991532805 -0.074689050 
1578559325.522802628 -0.992441712 -0.070611553 
1578559325.542818563 -0.993299951 -0.066521828 
1578559325.562822145 -0.994107302 -0.062420566 
1578559325.582815052 -0.994863555 -0.058308464 
1578559325.662533150 -0.995568513 -0.054186223 
1578559325.662910075 -0.996221995 -0.050054547 
1578559325.682804825 -0.996823829 -0.045914147 
1578559325.702867106 -0.997373858 -0.041765735 
1578559325.722839007 -0.997871940 -0.037610028 
1578559325.742859164 -0.998317943 -0.033447747 
1578559325.762848598 -0.998711751 -0.029279615 
1578559325.782884272 -0.999053261 -0.025106357 
1578559325.802848052 -0.999342384 -0.020928701 
1578559325.822793423 -0.999579042 -0.016747377 
1578559325.842825311 -0.999763174 -0.012563117 
1578559325.862841483 -0.999894732 -0.008376654 
1578559325.882835491 -0.999973681 -0.004188721 
1578559325.902857299 -1.000000000 -0.000000054 
1578559325.922790903 -0.999973682 0.004188614 
1578559325.942837672 -0.999894735 0.008376547 
1578559325.962842622 -0.999763178 0.012563010 
1578559325.982870881 -0.999579047 0.016747270 
1578559326.002819583 -0.999342390 0.020928594 
1578559326.022832045 -0.999053270 0.025106250 
1578559326.042859230 -0.998711761 0.029279508 
1578559326.062832893 -0.998317954 0.033447641 
1578559326.082835266 -0.997871952 0.037609922 
1578559326.102829516 -0.997373872 0.041765629 
1578559326.122839221 -0.996823843 0.045914041 
1578559326.142856817 -0.996222011 0.050054442 
1578559326.162819392 -0.995568531 0.054186117 
1578559326.182843362 -0.994863573 0.058308359 
1578559326.202846130 -0.994107322 0.062420461 
1578559326.222875424 -0.993299973 0.066521723 
1578559326.242808715 -0.992441734 0.070611448 
1578559326.262827534 -0.991532829 0.074688946 
1578559326.282858871 -0.990573490 0.078753532 
1578559326.302840810 -0.989563964 0.082804524 
1578559326.322797534 -0.988504511 0.086841250 
1578559326.342819447 -0.987395401 0.090863041 
1578559326.362826014 -0.986236916 0.094869236 
1578559326.382818903 -0.985029351 0.098859181 
1578559326.402838039 -0.983773012 0.102832227 
1578559326.422869315 -0.982468216 0.106787735 
1578559326.442806276 -0.981115292 0.110725071 
1578559326.462885528 -0.979714578 0.114643610 
1578559326.482826705 -0.978266424 0.118542736 
1578559326.502857278 -0.976771190 0.122421838 
1578559326.522818073 -0.975229248 0.126280316 
1578559326.542843290 -0.973640977 0.130117578 
1578559326.562851141 -0.972006768 0.133933041 
1578559326.582799405 -0.970327021 0.137726131 
1578559326.602869275 -0.968602144 0.141496281 
1578559326.622818316 -0.966832556 0.145242937 
1578559326.642813860 -0.965018683 0.148965551 
1578559326.662835644 -0.963160961 0.152663588 
1578559326.682834968 -0.961259834 0.156336521 
1578559326.702902087 -0.959315752 0.159983832 
1578559326.722835006 -0.957329176 0.163605016 
1578559326.742838013 -0.955300573 0.167199575 
1578559326.762821056 -0.953230415 0.170767024 
1578559326.782806987 -0.951119185 0.174306888 
1578559326.802855554 -0.948967369 0.177818700 
1578559326.822834175 -0.946775463 0.181302008 
1578559326.842833017 -0.944543965 0.184756367 
1578559326.862841370 -0.942273381 0.188181346 
1578559326.882820408 -0.939964224 0.191576522 
1578559326.902864637 -0.937617010 0.194941485 
1578559326.922798070 -0.935232260 0.198275836 
1578559326.942866391 -0.932810501 0.201579186 
1578559326.962861405 -0.930352264 0.204851158 
1578559326.982850420 -0.927858084 0.208091387 
1578559327.002882809 -0.925328499 0.211299516 
1578559327.022825724 -0.922764054 0.214475204 
1578559327.042821658 -0.920165292 0.217618117 
1578559327.062810134 -0.917532764 0.220727935 
1578559327.082842408 -0.914867022 0.223804349 
1578559327.102859080 -0.912168619 0.226847060 
1578559327.122855252 -0.909438112 0.229855780 
1578559327.142902129 -0.906676060 0.232830235 
1578559327.162850771 -0.903883024 0.235770159 
1578559327.182877444 -0.901059565 0.238675299 
1578559327.202863201 -0.898206247 0.241545412 
1578559327.222836431 -0.895323634 0.244380269 
1578559327.242876038 -0.892412291 0.247179647 
1578559327.262846443 -0.889472783 0.249943338 
1578559327.282828496 -0.886505677 0.252671144 
1578559327.302835740 -0.883511537 0.255362878 
1578559327.322858929 -0.880490931 0.258018362 
1578559327.342906081 -0.877444422 0.260637430 
1578559327.362859198 -0.874372577 0.263219927 
1578559327.382820958 -0.871275957 0.265765708 
1578559327.402809293 -0.868155127 0.268274639 
1578559327.422861997 -0.865010647 0.270746595 
1578559327.442817928 -0.861843077 0.273181463 
1578559327.462816164 -0.858652976 0.275579138 
1578559327.482865586 -0.855440900 0.277939526 
1578559327.502840472 -0.852207403 0.280262543 
1578559327.522827798 -0.848953036 0.282548115 
1578559327.542832304 -0.845678351 0.284796178 
1578559327.562827306 -0.842383892 0.287006675 
1578559327.582812309 -0.839070205 0.289179561 
1578559327.602840593 -0.835737830 0.291314800 
1578559327.622837700 -0.832387306 0.293412363 
1578559327.642817983 -0.829019167 0.295472232 
1578559327.662830059 -0.825633944 0.297494398 
1578559327.682829475 -0.822232164 0.299478859 
1578559327.702887863 -0.818814353 0.301425622 
1578559327.722820550 -0.815381029 0.303334703 
1578559327.742843110 -0.811932708 0.305206126 
1578559327.762846901 -0.808469902 0.307039923 
1578559327.782871354 -0.804993120 0.308836135 
1578559327.802907826 -0.801502863 0.310594808 
1578559327.822841364 -0.797999631 0.312315997 
1578559327.842868111 -0.794483918 0.313999767 
1578559327.862807079 -0.790956212 0.315646187 
1578559327.882817226 -0.787416999 0.317255333 
1578559327.902876167 -0.783866758 0.318827290 
1578559327.922839997 -0.780305964 0.320362150 
1578559327.942864859 -0.776735085 0.321860009 
1578559327.962822953 -0.773154588 0.323320972 
1578559327.982834167 -0.769564929 0.324745150 
1578559328.002834229 -0.765966564 0.326132659 
1578559328.022832159 -0.762359941 0.327483621 
1578559328.042848243 -0.758745502 0.328798166 
1578559328.062878044 -0.755123686 0.330076427 
1578559328.082839151 -0.751494924 0.331318545 
1578559328.102867830 -0.747859642 0.332524665 
1578559328.122883985 -0.744218261 0.333694937 
1578559328.142810995 -0.740571197 0.334829516 
1578559328.162860227 -0.736918857 0.335928564 
1578559328.182844792 -0.733261647 0.336992245 
1578559328.202840853 -0.729599962 0.338020730 
1578559328.222821040 -0.725934197 0.339014192 
1578559328.242802871 -0.722264735 0.339972811 
1578559328.262848720 -0.718591958 0.340896770 
1578559328.282807641 -0.714916240 0.341786254 
1578559328.302877914 -0.711237948 0.342641456 
1578559328.322812906 -0.707557447 0.343462569 
1578559328.342861319 -0.703875091 0.344249792 
1578559328.362858684 -0.700191232 0.345003326 
1578559328.382790461 -0.696506215 0.345723377 
1578559328.402855493 -0.692820378 0.346410152 
1578559328.422842044 -0.689134054 0.347063862 
1578559328.442832895 -0.685447571 0.347684721 
1578559328.462810235 -0.681761249 0.348272947 
1578559328.482800100 -0.678075404 0.348828758 
1578559328.502850295 -0.674390344 0.349352377 
1578559328.522823845 -0.670706375 0.349844028 
1578559328.542867060 -0.667023793 0.350303938 
1578559328.562838756 -0.663342890 0.350732335 
1578559328.582820450 -0.659663953 0.351129450 
1578559328.602876440 -0.655987262 0.351495517 
1578559328.622813597 -0.652313092 0.351830769 
1578559328.642833534 -0.648641711 0.352135443 
1578559328.662806589 -0.644973384 0.352409776 
1578559328.682817655 -0.641308368 0.352654009 
1578559328.702831815 -0.637646915 0.352868380 
1578559328.722841690 -0.633989272 0.353053133 
1578559328.742854628 -0.630335680 0.353208510 
1578559328.762832129 -0.626686376 0.353334756 
1578559328.782854313 -0.623041588 0.353432114 
1578559328.802858264 -0.619401543 0.353500832 
1578559328.822843776 -0.615766460 0.353541155 
1578559328.842838386 -0.612136553 0.353553332 
1578559328.862816895 -0.608512031 0.353537609 
1578559328.882827984 -0.604893098 0.353494235 
1578559328.902812048 -0.601279954 0.353423458 
1578559328.922887382 -0.597672791 0.353325529 
1578559328.942841205 -0.594071799 0.353200695 
1578559328.962864320 -0.590477162 0.353049207 
1578559328.982864883 -0.586889057 0.352871313 
1578559329.002838919 -0.583307659 0.352667264 
1578559329.022801226 -0.579733138 0.352437309 
1578559329.042867768 -0.576165657 0.352181697 
1578559329.062842263 -0.572605376 0.351900677 
1578559329.082823479 -0.569052450 0.351594498 
1578559329.102872691 -0.565507030 0.351263407 
1578559329.122865254 -0.561969261 0.350907655 
1578559329.142837273 -0.558439285 0.350527487 
1578559329.162853264 -0.554917239 0.350123150 
1578559329.182818691 -0.551403255 0.349694893 
1578559329.202827514 -0.547897462 0.349242959 
1578559329.222761561 -0.544399984 0.348767594 
1578559329.242833666 -0.540910940 0.348269042 
1578559329.262830555 -0.537430447 0.347747548 
1578559329.282858280 -0.533958616 0.347203353 
1578559329.302854562 -0.530495554 0.346636699 
1578559329.322851900 -0.527041367 0.346047828 
1578559329.342844206 -0.523596152 0.345436978 
1578559329.362871966 -0.520160006 0.344804390 
1578559329.382801129 -0.516733022 0.344150300 
1578559329.402830419 -0.513315288 0.343474945 
1578559329.422832465 -0.509906889 0.342778561 
1578559329.442803195 -0.506507906 0.342061381 
1578559329.462884698 -0.503118416 0.341323640 
1578559329.482836034 -0.499738493 0.340565569 
1578559329.502861822 -0.496368210 0.339787397 
1578559329.522814839 -0.493007632 0.338989356 
1578559329.542838811 -0.489656824 0.338171672 
1578559329.562842016 -0.486315847 0.337334571 
1578559329.582832735 -0.482984758 0.336478280 
1578559329.602898100 -0.479663611 0.335603022 
1578559329.622864663 -0.476352459 0.334709018 
1578559329.642842673 -0.473051348 0.333796490 
1578559329.662850049 -0.469760326 0.332865657 
1578559329.682815522 -0.466479433 0.331916737 
1578559329.702888157 -0.463208709 0.330949946 
1578559329.722841532 -0.459948192 0.329965499 
1578559329.742815047 -0.456697914 0.328963608 
1578559329.762868596 -0.453457907 0.327944485 
1578559329.782819270 -0.450228200 0.326908341 
1578559329.802887760 -0.447008818 0.325855384 
1578559329.822839154 -0.443799785 0.324785820 
1578559329.842856658 -0.440601121 0.323699854 
1578559329.862854883 -0.437412844 0.322597690 
1578559329.882868661 -0.434234972 0.321479530 
1578559329.902860582 -0.431067516 0.320345574 
1578559329.922809904 -0.427910488 0.319196020 
1578559329.942856131 -0.424763897 0.318031065 
1578559329.962825703 -0.421627750 0.316850904 
1578559329.982850005 -0.418502051 0.315655731 
1578559330.002837112 -0.415386802 0.314445737 
1578559330.022851002 -0.412282004 0.313221112 
1578559330.042831216 -0.409187654 0.311982044 
1578559330.062836963 -0.406103750 0.310728721 
1578559330.082800384 -0.403030284 0.309461327 
1578559330.102861276 -0.399967250 0.308180045 
1578559330.122819641 -0.396914638 0.306885057 
1578559330.142874218 -0.393872435 0.305576543 
1578559330.162829140 -0.390840630 0.304254679 
1578559330.182808070 -0.387819207 0.302919644 
1578559330.202844460 -0.384808148 0.301571612 
1578559330.222854775 -0.381807437 0.300210754 
1578559330.242824823 -0.378817052 0.298837244 
1578559330.262819379 -0.375836972 0.297451250 
1578559330.282891931 -0.372867173 0.296052940 
1578559330.302835099 -0.369907632 0.294642480 
1578559330.322849673 -0.366958321 0.293220035 
1578559330.342820309 -0.364019213 0.291785768 
1578559330.362827119 -0.361090278 0.290339839 
1578559330.382824002 -0.358171487 0.288882408 
1578559330.402873990 -0.355262807 0.287413633 
1578559330.422866514 -0.352364204 0.285933671 
1578559330.442844063 -0.349475645 0.284442674 
1578559330.462863525 -0.346597093 0.282940797 
1578559330.482815190 -0.343728512 0.281428191 
1578559330.502829652 -0.340869863 0.279905005 
1578559330.522895558 -0.338021107 0.278371387 
1578559330.542865025 -0.335182203 0.276827483 
1578559330.562854811 -0.332353109 0.275273438 
1578559330.582793821 -0.329533783 0.273709396 
1578559330.662378028 -0.326724182 0.272135498 
1578559330.662777143 -0.323924259 0.270551884 
1578559330.682645721 -0.321133970 0.268958692 
1578559330.702669314 -0.318353267 0.267356060 
1578559330.722647789 -0.315582103 0.265744122 
1578559330.742674146 -0.312820430 0.264123012 
1578559330.762702559 -0.310068196 0.262492864 
1578559330.782676879 -0.307325353 0.260853807 
1578559330.802694987 -0.304591849 0.259205971 
1578559330.822679462 -0.301867631 0.257549484 
1578559330.842698549 -0.299152648 0.255884472 
1578559330.862683043 -0.296446844 0.254211060 
1578559330.882630505 -0.293750166 0.252529371 
1578559330.902674760 -0.291062559 0.250839528 
1578559330.922643834 -0.288383966 0.249141651 
1578559330.942678316 -0.285714331 0.247435859 
1578559330.962671821 -0.283053597 0.245722270 
1578559330.982676818 -0.280401706 0.244001000 
1578559331.002702117 -0.277758600 0.242272164 
1578559331.022639390 -0.275124218 0.240535876 
1578559331.042694150 -0.272498503 0.238792249 
1578559331.062683909 -0.269881392 0.237041392 
1578559331.082681544 -0.267272826 0.235283416 
1578559331.102683613 -0.264672742 0.233518429 
1578559331.122716424 -0.262081080 0.231746538 
1578559331.142639474 -0.259497776 0.229967849 
1578559331.162653124 -0.256922767 0.228182466 
1578559331.182651196 -0.254355991 0.226390492 
1578559331.202679258 -0.251797384 0.224592029 
1578559331.222660095 -0.249246880 0.222787178 
1578559331.242684025 -0.246704415 0.220976038 
1578559331.262699464 -0.244169925 0.219158708 
1578559331.282648804 -0.241643343 0.217335284 
1578559331.302658865 -0.239124604 0.215505863 
1578559331.322674584 -0.236613641 0.213670539 
1578559331.342647636 -0.234110388 0.211829405 
1578559331.362689480 -0.231614777 0.209982554 
1578559331.382662823 -0.229126742 0.208130078 
1578559331.402687426 -0.226646215 0.206272066 
1578559331.422694119 -0.224173127 0.204408608 
1578559331.442635145 -0.221707410 0.202539791 
1578559331.462688598 -0.219248996 0.200665702 
1578559331.482670931 -0.216797816 0.198786427 
1578559331.502692655 -0.214353801 0.196902051 
1578559331.522678811 -0.211916882 0.195012658 
1578559331.542683651 -0.209486988 0.193118329 
1578559331.562635698 -0.207064051 0.191219148 
1578559331.582640711 -0.204647999 0.189315193 
1578559331.602715583 -0.202238763 0.187406546 
1578559331.622670452 -0.199836272 0.185493285 
1578559331.642668023 -0.197440455 0.183575487 
1578559331.662685011 -0.195051242 0.181653230 
1578559331.682624401 -0.192668562 0.179726588 
1578559331.702685792 -0.190292342 0.177795638 
1578559331.722632810 -0.187922513 0.175860453 
1578559331.742675081 -0.185559002 0.173921105 
1578559331.762643695 -0.183201737 0.171977669 
1578559331.782717969 -0.180850647 0.170030214 
1578559331.802634122 -0.178505660 0.168078811 
1578559331.822695792 -0.176166703 0.166123529 
1578559331.842690534 -0.173833705 0.164164439 
1578559331.862672014 -0.171506592 0.162201607 
1578559331.882681669 -0.169185293 0.160235100 
1578559331.902674632 -0.166869735 0.158264986 
1578559331.922665066 -0.164559844 0.156291329 
1578559331.942661818 -0.162255550 0.154314194 
1578559331.962642089 -0.159956777 0.152333646 
1578559331.982658583 -0.157663454 0.150349747 
1578559332.002669483 -0.155375508 0.148362560 
1578559332.022674304 -0.153092865 0.146372148 
1578559332.042643874 -0.150815452 0.144378570 
1578559332.062696235 -0.148543197 0.142381887 
1578559332.082673237 -0.146276024 0.140382160 
1578559332.102691851 -0.144013862 0.138379446 
1578559332.122633940 -0.141756637 0.136373805 
1578559332.142669851 -0.139504276 0.134365293 
1578559332.162648219 -0.137256704 0.132353969 
1578559332.182662308 -0.135013848 0.130339887 
1578559332.202648841 -0.132775635 0.128323105 
1578559332.222678721 -0.130541992 0.126303677 
1578559332.242676943 -0.128312843 0.124281657 
1578559332.262674528 -0.126088117 0.122257100 
1578559332.282659387 -0.123867738 0.120230058 
1578559332.302637300 -0.121651634 0.118200585 
1578559332.322718312 -0.119439730 0.116168733 
1578559332.342674881 -0.117231953 0.114134554 
1578559332.362696969 -0.115028229 0.112098098 
1578559332.382646824 -0.112828484 0.110059416 
1578559332.402657767 -0.110632644 0.108018559 
1578559332.422678267 -0.108440636 0.105975575 
1578559332.442651224 -0.106252385 0.103930514 
1578559332.462697153 -0.104067818 0.101883424 
1578559332.482649342 -0.101886861 0.099834354 
1578559332.502707309 -0.099709440 0.097783351 
1578559332.522653473 -0.097535482 0.095730463 
1578559332.542650146 -0.095364911 0.093675735 
1578559332.562696317 -0.093197656 0.091619215 
1578559332.582642212 -0.091033640 0.089560948 
1578559332.602698706 -0.088872792 0.087500980 
1578559332.622672786 -0.086715037 0.085439356 
1578559332.642697298 -0.084560300 0.083376120 
1578559332.662635188 -0.082408509 0.081311317 
1578559332.682693078 -0.080259590 0.079244990 
1578559332.702673905 -0.078113468 0.077177184 
1578559332.722673057 -0.075970070 0.075107941 
1578559332.742744863 -0.073829322 0.073037305 
1578559332.762661662 -0.071691150 0.070965317 
1578559332.782685190 -0.069555481 0.068892020 
1578559332.802664536 -0.067422240 0.066817456 
1578559332.822697566 -0.065291354 0.064741666 
1578559332.842669701 -0.063162750 0.062664692 
1578559332.862670207 -0.061036353 0.060586575 
1578559332.882661786 -0.058912089 0.058507355 
1578559332.902677502 -0.056789886 0.056427072 
1578559332.922701801 -0.054669669 0.054345768 
1578559332.942662564 -0.052551364 0.052263482 
1578559332.962707495 -0.050434899 0.050180254 
1578559332.982720420 -0.048320199 0.048096122 
1578559333.002668501 -0.046207190 0.046011127 
1578559333.022699445 -0.044095800 0.043925308 
1578559333.042651935 -0.041985954 0.041838703 
1578559333.062654497 -0.039877578 0.039751351 
1578559333.082672142 -0.037770600 0.037663290 
1578559333.102654642 -0.035664945 0.035574559 
1578559333.122705618 -0.033560540 0.033485195 
1578559333.142676678 -0.031457312 0.031395238 
1578559333.162670928 -0.029355186 0.029304724 
1578559333.182636714 -0.027254090 0.027213692 
1578559333.202672209 -0.025153949 0.025122179 
1578559333.222698752 -0.023054691 0.023030222 
1578559333.242626397 -0.020956241 0.020937859 
1578559333.262700192 -0.018858526 0.018845126 
1578559333.282653048 -0.016761473 0.016752062 
1578559333.302697647 -0.014665007 0.014658704 
1578559333.322681328 -0.012569057 0.012565087 
1578559333.342645264 -0.010473547 0.010471250 
1578559333.362694853 -0.008378404 0.008377228 
1578559333.382666810 -0.006283556 0.006283060 
1578559333.402718556 -0.004188928 0.004188781 
1578559333.422660689 -0.002094448 0.002094429 
1578559333.442680846 -0.000000040 0.000000040 
1578559333.462698215 0.002094367 -0.002094349 
1578559333.482675352 0.004188848 -0.004188701 
1578559333.502663975 0.006283476 -0.006282980 
1578559333.522685015 0.008378324 -0.008377148 
1578559333.542700264 0.010473466 -0.010471169 
1578559333.562677198 0.012568976 -0.012565007 
1578559333.582713532 0.014664927 -0.014658623 
1578559333.602654324 0.016761392 -0.016751982 
1578559333.622723113 0.018858445 -0.018845046 
1578559333.642669974 0.020956160 -0.020937778 
1578559333.662632871 0.023054610 -0.023030141 
1578559333.682653438 0.025153869 -0.025122098 
1578559333.702725585 0.027254009 -0.027213612 
1578559333.722681431 0.029355106 -0.029304644 
1578559333.742665416 0.031457231 -0.031395158 
1578559333.762673306 0.033560460 -0.033485115 
1578559333.782659245 0.035664864 -0.035574479 
1578559333.802659747 0.037770519 -0.037663210 
1578559333.822717812 0.039877497 -0.039751270 
1578559333.842695733 0.041985873 -0.041838623 
1578559333.862716313 0.044095719 -0.043925228 
1578559333.882649710 0.046207109 -0.046011047 
1578559333.902694660 0.048320118 -0.048096042 
1578559333.922680639 0.050434818 -0.050180174 
1578559333.942693546 0.052551283 -0.052263402 
1578559333.962676836 0.054669588 -0.054345688 
1578559333.982685524 0.056789804 -0.056426993 
1578559334.002681592 0.058912008 -0.058507275 
1578559334.022710823 0.061036271 -0.060586495 
1578559334.042718210 0.063162668 -0.062664612 
1578559334.062694414 0.065291272 -0.064741586 
1578559334.082638042 0.067422158 -0.066817376 
1578559334.102693864 0.069555399 -0.068891940 
1578559334.122687056 0.071691068 -0.070965237 
1578559334.142677907 0.073829240 -0.073037225 
1578559334.162658092 0.075969988 -0.075107862 
1578559334.182647454 0.078113386 -0.077177105 
1578559334.202647473 0.080259507 -0.079244911 
1578559334.222627891 0.082408427 -0.081311238 
1578559334.242668334 0.084560218 -0.083376041 
1578559334.262706393 0.086714954 -0.085439277 
1578559334.282691836 0.088872709 -0.087500901 
1578559334.302692182 0.091033557 -0.089560869 
1578559334.322703995 0.093197572 -0.091619136 
1578559334.342682940 0.095364828 -0.093675656 
1578559334.362698671 0.097535398 -0.095730384 
1578559334.382683530 0.099709357 -0.097783272 
1578559334.402663892 0.101886778 -0.099834275 
1578559334.422680320 0.104067734 -0.101883346 
1578559334.442665349 0.106252301 -0.103930435 
1578559334.462682410 0.108440552 -0.105975496 
1578559334.482638892 0.110632560 -0.108018480 
1578559334.502736506 0.112828399 -0.110059338 
1578559334.522681412 0.115028144 -0.112098020 
1578559334.542690818 0.117231868 -0.114134476 
1578559334.562708125 0.119439645 -0.116168655 
1578559334.582645255 0.121651549 -0.118200507 
1578559334.602703236 0.123867653 -0.120229980 
1578559334.622694317 0.126088031 -0.122257022 
1578559334.642706635 0.128312758 -0.124281579 
1578559334.662686611 0.130541906 -0.126303599 
1578559334.682671265 0.132775549 -0.128323027 
1578559334.702683733 0.135013762 -0.130339810 
1578559334.722711684 0.137256618 -0.132353891 
1578559334.742655083 0.139504189 -0.134365216 
1578559334.762655625 0.141756551 -0.136373728 
1578559334.782688029 0.144013776 -0.138379369 
1578559334.802673232 0.146275937 -0.140382083 
1578559334.822707722 0.148543109 -0.142381811 
1578559334.842695315 0.150815365 -0.144378493 
1578559334.862648289 0.153092778 -0.146372071 
1578559334.882704934 0.155375420 -0.148362484 
1578559334.902667187 0.157663367 -0.150349671 
1578559334.922693828 0.159956689 -0.152333570 
1578559334.942673274 0.162255461 -0.154314118 
1578559334.962713068 0.164559756 -0.156291253 
1578559334.982672862 0.166869646 -0.158264910 
1578559335.002709478 0.169185204 -0.160235024 
1578559335.022684607 0.171506503 -0.162201531 
1578559335.042651959 0.173833615 -0.164164363 
1578559335.062669555 0.176166613 -0.166123454 
1578559335.082609201 0.178505570 -0.168078736 
1578559335.102639855 0.180850557 -0.170030139 
1578559335.122728800 0.183201647 -0.171977594 
1578559335.142680512 0.185558911 -0.173921031 
1578559335.162693415 0.187922422 -0.175860378 
1578559335.182676112 0.190292251 -0.177795564 
1578559335.202719001 0.192668470 -0.179726514 
1578559335.222677893 0.195051151 -0.181653156 
1578559335.242681586 0.197440363 -0.183575413 
1578559335.262694840 0.199836180 -0.185493211 
1578559335.282636343 0.202238670 -0.187406473 
1578559335.302698574 0.204647906 -0.189315120 
1578559335.322709676 0.207063958 -0.191219075 
1578559335.342660489 0.209486895 -0.193118256 
1578559335.362660611 0.211916789 -0.195012585 
1578559335.382650781 0.214353708 -0.196901979 
1578559335.402704193 0.216797723 -0.198786355 
1578559335.422704841 0.219248902 -0.200665630 
1578559335.442666465 0.221707316 -0.202539719 
1578559335.462683358 0.224173032 -0.204408536 
1578559335.482666573 0.226646120 -0.206271995 
1578559335.502666413 0.229126647 -0.208130007 
1578559335.522652039 0.231614682 -0.209982483 
1578559335.542668077 0.234110292 -0.211829334 
1578559335.562640917 0.236613545 -0.213670468 
1578559335.582660417 0.239124507 -0.215505792 
1578559335.602647833 0.241643246 -0.217335214 
1578559335.622722336 0.244169828 -0.219158638 
1578559335.642681573 0.246704318 -0.220975968 
1578559335.662678548 0.249246782 -0.222787108 
1578559335.682678012 0.251797285 -0.224591960 
1578559335.702656526 0.254355893 -0.226390423 
1578559335.722762028 0.256922669 -0.228182397 
1578559335.742713197 0.259497677 -0.229967781 
1578559335.762710360 0.262080980 -0.231746470 
1578559335.782679422 0.264672643 -0.233518361 
1578559335.802724830 0.267272726 -0.235283349 
1578559335.822687165 0.269881292 -0.237041325 
1578559335.842647509 0.272498402 -0.238792182 
1578559335.862666659 0.275124117 -0.240535810 
1578559335.882691384 0.277758498 -0.242272098 
1578559335.902668500 0.280401605 -0.244000934 
1578559335.922695045 0.283053495 -0.245722204 
1578559335.942669617 0.285714229 -0.247435793 
1578559335.962653688 0.288383863 -0.249141586 
1578559335.982674755 0.291062456 -0.250839463 
1578559336.002692658 0.293750063 -0.252529307 
1578559336.022681890 0.296446740 -0.254210996 
1578559336.042658458 0.299152543 -0.255884408 
1578559336.062693449 0.301867527 -0.257549420 
1578559336.082684142 0.304591744 -0.259205908 
1578559336.102695365 0.307325248 -0.260853744 
1578559336.122636678 0.310068091 -0.262492801 
1578559336.142672884 0.312820324 -0.264122950 
1578559336.162676584 0.315581997 -0.265744060 
1578559336.182674040 0.318353161 -0.267355998 
1578559336.202655500 0.321133863 -0.268958631 
1578559336.222670860 0.323924152 -0.270551823 
1578559336.242721063 0.326724074 -0.272135438 
1578559336.262645053 0.329533675 -0.273709336 
1578559336.282640016 0.332353001 -0.275273379 
1578559336.302674104 0.335182094 -0.276827423 
1578559336.322696391 0.338020998 -0.278371328 
1578559336.342648112 0.340869754 -0.279904946 
1578559336.362647143 0.343728402 -0.281428133 
1578559336.382706856 0.346596983 -0.282940740 
1578559336.402657494 0.349475534 -0.284442617 
1578559336.422641662 0.352364093 -0.285933614 
1578559336.442682558 0.355262695 -0.287413577 
1578559336.462633273 0.358171375 -0.288882352 
1578559336.482687470 0.361090166 -0.290339783 
1578559336.502673771 0.364019100 -0.291785712 
1578559336.522705756 0.366958208 -0.293219980 
1578559336.542645536 0.369907518 -0.294642426 
1578559336.562716630 0.372867060 -0.296052886 
1578559336.582648412 0.375836858 -0.297451197 
1578559336.602661369 0.378816937 -0.298837191 
1578559336.622666706 0.381807322 -0.300210702 
1578559336.642682854 0.384808033 -0.301571560 
1578559336.662700477 0.387819091 -0.302919593 
1578559336.682699717 0.390840514 -0.304254628 
1578559336.702688600 0.393872319 -0.305576492 
1578559336.722628694 0.396914521 -0.306885007 
1578559336.742671732 0.399967133 -0.308179996 
1578559336.762666157 0.403030166 -0.309461278 
1578559336.782620893 0.406103631 -0.310728673 
1578559336.802716644 0.409187536 -0.311981997 
1578559336.822643343 0.412281885 -0.313221064 
1578559336.842680544 0.415386682 -0.314445690 
1578559336.862665106 0.418501931 -0.315655685 
1578559336.882660320 0.421627630 -0.316850859 
1578559336.902697649 0.424763776 -0.318031020 
1578559336.922683815 0.427910367 -0.319195976 
1578559336.942702197 0.431067394 -0.320345530 
1578559336.962675122 0.434234850 -0.321479487 
1578559336.982665252 0.437412722 -0.322597648 
1578559337.002674680 0.440600998 -0.323699812 
1578559337.022629303 0.443799662 -0.324785779 
1578559337.042707489 0.447008695 -0.325855343 
1578559337.062686421 0.450228076 -0.326908301 
1578559337.082666154 0.453457783 -0.327944446 
1578559337.102694686 0.456697790 -0.328963569 
1578559337.122677710 0.459948067 -0.329965460 
1578559337.142706100 0.463208584 -0.330949909 
1578559337.162691971 0.466479307 -0.331916700 
1578559337.182668658 0.469760200 -0.332865621 
1578559337.202645958 0.473051222 -0.333796455 
1578559337.222687256 0.476352332 -0.334708983 
1578559337.242719315 0.479663484 -0.335602988 
1578559337.262691098 0.482984630 -0.336478247 
1578559337.282647894 0.486315719 -0.337334539 
1578559337.302728216 0.489656696 -0.338171640 
1578559337.322657593 0.493007503 -0.338989325 
1578559337.342719056 0.496368081 -0.339787367 
1578559337.362717428 0.499738364 -0.340565539 
1578559337.382687283 0.503118286 -0.341323611 
1578559337.402728309 0.506507775 -0.342061354 
1578559337.422674836 0.509906758 -0.342778534 
1578559337.442697022 0.513315157 -0.343474919 
1578559337.462657123 0.516732891 -0.344150274 
1578559337.482635536 0.520159875 -0.344804365 
1578559337.502699256 0.523596020 -0.345436955 
1578559337.522637949 0.527041234 -0.346047805 
1578559337.542693974 0.530495422 -0.346636677 
1578559337.562670354 0.533958483 -0.347203331 
1578559337.582675043 0.537430314 -0.347747527 
1578559337.602674998 0.540910806 -0.348269023 
1578559337.622659983 0.544399850 -0.348767575 
1578559337.642668640 0.547897328 -0.349242941 
1578559337.662640102 0.551403120 -0.349694876 
1578559337.682699578 0.554917104 -0.350123134 
1578559337.702655634 0.558439150 -0.350527472 
1578559337.722650873 0.561969125 -0.350907641 
1578559337.742666092 0.565506894 -0.351263394 
1578559337.762637011 0.569052314 -0.351594485 
1578559337.782689615 0.572605239 -0.351900666 
1578559337.802677912 0.576165520 -0.352181687 
1578559337.822648063 0.579733001 -0.352437300 
1578559337.842712261 0.583307522 -0.352667256 
1578559337.862651490 0.586888919 -0.352871306 
1578559337.882648401 0.590477024 -0.353049200 
1578559337.902673528 0.594071661 -0.353200690 
1578559337.922674209 0.597672653 -0.353325524 
1578559337.942659423 0.601279815 -0.353423455 
1578559337.962638748 0.604892960 -0.353494232 
1578559337.982670753 0.608511892 -0.353537607 
1578559338.002687140 0.612136413 -0.353553332 
1578559338.022672976 0.615766320 -0.353541156 
1578559338.042680888 0.619401404 -0.353500834 
1578559338.062662474 0.623041449 -0.353432118 
1578559338.082687593 0.626686236 -0.353334760 
1578559338.102676145 0.630335540 -0.353208516 
1578559338.122697479 0.633989132 -0.353053140 
1578559338.142617474 0.637646774 -0.352868388 
1578559338.162699919 0.641308227 -0.352654017 
1578559338.182645318 0.644973243 -0.352409786 
1578559338.202704926 0.648641570 -0.352135454 
1578559338.222701311 0.652312951 -0.351830781 
1578559338.242640306 0.655987121 -0.351495530 
1578559338.262659017 0.659663812 -0.351129465 
1578559338.282632384 0.663342749 -0.350732351 
1578559338.302656907 0.667023651 -0.350303955 
1578559338.322659720 0.670706234 -0.349844046 
1578559338.342654441 0.674390203 -0.349352396 
1578559338.362670295 0.678075262 -0.348828779 
1578559338.382681078 0.681761107 -0.348272969 
1578559338.402652293 0.685447429 -0.347684744 
1578559338.422683094 0.689133913 -0.347063886 
1578559338.442721335 0.692820237 -0.346410177 
1578559338.462678925 0.696506074 -0.345723404 
1578559338.482670233 0.700191091 -0.345003355 
1578559338.502640577 0.703874950 -0.344249822 
1578559338.522661571 0.707557305 -0.343462600 
1578559338.542677967 0.711237807 -0.342641488 
1578559338.562669200 0.714916098 -0.341786288 
1578559338.582693591 0.718591817 -0.340896805 
1578559338.602679084 0.722264594 -0.339972847 
1578559338.622727638 0.725934056 -0.339014230 
1578559338.642665086 0.729599822 -0.338020769 
1578559338.662662068 0.733261506 -0.336992285 
1578559338.682697880 0.736918717 -0.335928605 
1578559338.702688370 0.740571057 -0.334829559 
1578559338.722635239 0.744218121 -0.333694981 
1578559338.742653747 0.747859502 -0.332524710 
1578559338.762643804 0.751494784 -0.331318592 
1578559338.782683243 0.755123547 -0.330076476 
1578559338.802674749 0.758745363 -0.328798216 
1578559338.822661183 0.762359802 -0.327483672 
1578559338.842679946 0.765966426 -0.326132711 
1578559338.862672715 0.769564791 -0.324745204 
1578559338.882643795 0.773154450 -0.323321028 
1578559338.902662731 0.776734948 -0.321860066 
1578559338.922617814 0.780305827 -0.320362208 
1578559338.942670202 0.783866622 -0.318827350 
1578559338.962685512 0.787416863 -0.317255394 
1578559338.982640393 0.790956077 -0.315646249 
1578559339.002678706 0.794483783 -0.313999831 
1578559339.022683209 0.797999497 -0.312316063 
1578559339.042681346 0.801502729 -0.310594874 
1578559339.062641036 0.804992986 -0.308836203 
1578559339.082644915 0.808469769 -0.307039993 
1578559339.102633279 0.811932575 -0.305206197 
1578559339.122631159 0.815380896 -0.303334775 
1578559339.142639772 0.818814221 -0.301425696 
1578559339.162674807 0.822232034 -0.299478934 
1578559339.182660986 0.825633813 -0.297494475 
1578559339.202679442 0.829019037 -0.295472311 
1578559339.222629848 0.832387177 -0.293412443 
1578559339.242672258 0.835737702 -0.291314881 
1578559339.262637239 0.839070078 -0.289179644 
1578559339.282647266 0.842383765 -0.287006759 
1578559339.302643680 0.845678225 -0.284796263 
1578559339.322642489 0.848952911 -0.282548202 
1578559339.342635239 0.852207278 -0.280262632 
1578559339.362673533 0.855440776 -0.277939616 
1578559339.382696324 0.858652853 -0.275579229 
1578559339.402696933 0.861842955 -0.273181556 
1578559339.422673950 0.865010526 -0.270746690 
1578559339.442639880 0.868155007 -0.268274735 
1578559339.462675537 0.871275838 -0.265765805 
1578559339.482636308 0.874372458 -0.263220025 
1578559339.502638207 0.877444305 -0.260637530 
1578559339.522634564 0.880490814 -0.258018463 
1578559339.542670197 0.883511422 -0.255362980 
1578559339.562689949 0.886505562 -0.252671248 
1578559339.582678322 0.889472670 -0.249943444 
1578559339.602675863 0.892412178 -0.247179754 
1578559339.622676129 0.895323523 -0.244380377 
1578559339.642681847 0.898206137 -0.241545522 
1578559339.662665962 0.901059456 -0.238675410 
1578559339.682656385 0.903882916 -0.235770271 
1578559339.702635680 0.906675953 -0.232830348 
1578559339.722638674 0.909438006 -0.229855895 
1578559339.742674790 0.912168514 -0.226847176 
1578559339.762690358 0.914866919 -0.223804467 
1578559339.782639541 0.917532663 -0.220728054 
1578559339.802688088 0.920165192 -0.217618237 
1578559339.822661550 0.922763955 -0.214475325 
1578559339.842683957 0.925328402 -0.211299639 
1578559339.862649532 0.927857987 -0.208091510 
1578559339.882638273 0.930352169 -0.204851283 
1578559339.902652795 0.932810407 -0.201579312 
1578559339.922682617 0.935232168 -0.198275964 
1578559339.942635249 0.937616919 -0.194941614 
1578559339.962661641 0.939964135 -0.191576652 
1578559339.982680410 0.942273293 -0.188181477 
1578559340.002681873 0.944543878 -0.184756499 
1578559340.022659536 0.946775378 -0.181302141 
1578559340.042656196 0.948967286 -0.177818834 
1578559340.062673550 0.951119103 -0.174307023 
1578559340.082639291 0.953230335 -0.170767161 
1578559340.102674183 0.955300494 -0.167199713 
1578559340.122630452 0.957329099 -0.163605154 
1578559340.142691454 0.959315677 -0.159983972 
1578559340.162678206 0.961259760 -0.156336661 
1578559340.182691576 0.963160889 -0.152663730 
1578559340.202686008 0.965018612 -0.148965694 
1578559340.222654141 0.966832487 -0.145243080 
1578559340.242649427 0.968602077 -0.141496425 
1578559340.262678877 0.970326955 -0.137726276 
1578559340.282675997 0.972006705 -0.133933187 
1578559340.302651847 0.973640915 -0.130117725 
1578559340.322661073 0.975229188 -0.126280464 
1578559340.342650607 0.976771132 -0.122421986 
1578559340.362645686 0.978266367 -0.118542885 
1578559340.382680213 0.979714523 -0.114643760 
1578559340.402675434 0.981115239 -0.110725222 
1578559340.422634967 0.982468165 -0.106787886 
1578559340.442671406 0.983772963 -0.102832379 
1578559340.462602939 0.985029304 -0.098859333 
1578559340.482650151 0.986236870 -0.094869390 
1578559340.502649399 0.987395357 -0.090863195 
1578559340.522685594 0.988504469 -0.086841404 
1578559340.542697107 0.989563925 -0.082804679 
1578559340.562674151 0.990573452 -0.078753687 
1578559340.582643162 0.991532793 -0.074689103 
1578559340.602685557 0.992441701 -0.070611605 
1578559340.622673134 0.993299941 -0.066521880 
1578559340.642663667 0.994107292 -0.062420619 
1578559340.662666826 0.994863545 -0.058308517 
1578559340.682661173 0.995568505 -0.054186276 
1578559340.702648412 0.996221987 -0.050054600 
1578559340.722665332 0.996823821 -0.045914200 
1578559340.742652243 0.997373852 -0.041765788 
1578559340.762654752 0.997871934 -0.037610082 
1578559340.782673863 0.998317938 -0.033447801 
1578559340.802708414 0.998711747 -0.029279668 
1578559340.822679193 0.999053257 -0.025106410 
1578559340.842671010 0.999342380 -0.020928754 
1578559340.862646989 0.999579039 -0.016747431 
1578559340.882642961 0.999763172 -0.012563171 
1578559340.902671078 0.999894731 -0.008376708 
1578559340.922633359 0.999973680 -0.004188775 
1578559340.942645973 1.000000000 -0.000000107 
1578559340.962639713 0.999973683 0.004188560 
1578559340.982667720 0.999894736 0.008376493 
1578559341.002669751 0.999763180 0.012562957 
1578559341.022630004 0.999579050 0.016747217 
1578559341.042672982 0.999342394 0.020928541 
1578559341.062664207 0.999053274 0.025106197 
1578559341.082665563 0.998711766 0.029279455 
1578559341.102638276 0.998317959 0.033447588 
1578559341.122655210 0.997871958 0.037609869 
1578559341.142709368 0.997373878 0.041765576 
1578559341.162699365 0.996823851 0.045913988 
1578559341.182705406 0.996222019 0.050054389 
1578559341.202682358 0.995568539 0.054186065 
1578559341.222706807 0.994863583 0.058308306 
1578559341.242684695 0.994107332 0.062420408 
1578559341.262657739 0.993299983 0.066521670 
1578559341.282715156 0.992441746 0.070611396 
1578559341.302578768 0.991532841 0.074688894 
1578559341.322649758 0.990573502 0.078753480 
1578559341.342651723 0.989563978 0.082804472 
1578559341.362599150 0.988504525 0.086841198 
1578559341.382653709 0.987395415 0.090862990 
1578559341.402682446 0.986236931 0.094869185 
1578559341.422676012 0.985029367 0.098859130 
1578559341.442682431 0.983773029 0.102832176 
1578559341.462695561 0.982468233 0.106787684 
1578559341.482706757 0.981115309 0.110725021 
1578559341.502678952 0.979714596 0.114643560 
1578559341.522664525 0.978266442 0.118542686 
1578559341.542644604 0.976771210 0.122421788 
1578559341.562703448 0.975229268 0.126280267 
1578559341.582701943 0.973640998 0.130117529 
1578559341.602654603 0.972006789 0.133932993 
1578559341.622660549 0.970327042 0.137726082 
1578559341.642664644 0.968602166 0.141496233 
1578559341.662642849 0.966832578 0.145242889 
1578559341.682660615 0.965018706 0.148965504 
1578559341.702694205 0.963160985 0.152663541 
1578559341.722644554 0.961259858 0.156336474 
1578559341.742648619 0.959315777 0.159983786 
1578559341.762680247 0.957329202 0.163604970 
1578559341.782662329 0.955300599 0.167199529 
1578559341.802695024 0.953230442 0.170766979 
1578559341.822705656 0.951119212 0.174306843 
1578559341.842700941 0.948967397 0.177818655 
1578559341.862647755 0.946775491 0.181301964 
1578559341.882708428 0.944543993 0.184756323 
1578559341.902703288 0.942273411 0.188181302 
1578559341.922689806 0.939964254 0.191576479 
1578559341.942661527 0.937617040 0.194941443 
1578559341.962698677 0.935232291 0.198275794 
1578559341.982710217 0.932810532 0.201579144 
1578559342.002673232 0.930352296 0.204851117 
1578559342.022654942 0.927858116 0.208091345 
1578559342.042665546 0.925328532 0.211299475 
1578559342.062658832 0.922764087 0.214475163 
1578559342.082633619 0.920165326 0.217618077 
1578559342.102667612 0.917532798 0.220727896 
1578559342.122679953 0.914867056 0.223804310 
1578559342.142659070 0.912168653 0.226847021 
1578559342.162641409 0.909438147 0.229855742 
1578559342.182634000 0.906676096 0.232830197 
1578559342.202733172 0.903883060 0.235770121 
1578559342.222675199 0.901059601 0.238675262 
1578559342.242636775 0.898206284 0.241545376 
1578559342.262658537 0.895323671 0.244380233 
1578559342.282633966 0.892412328 0.247179611 
1578559342.302694924 0.889472821 0.249943303 
1578559342.322675234 0.886505715 0.252671110 
1578559342.342666791 0.883511576 0.255362844 
1578559342.362664348 0.880490970 0.258018328 
1578559342.382678686 0.877444462 0.260637397 
1578559342.402647233 0.874372616 0.263219894 
1578559342.422676786 0.871275997 0.265765676 
1578559342.442689032 0.868155167 0.268274607 
1578559342.462607448 0.865010687 0.270746564 
1578559342.482670192 0.861843118 0.273181432 
1578559342.502665819 0.858653017 0.275579107 
1578559342.522682810 0.855440941 0.277939496 
1578559342.542648193 0.852207444 0.280262514 
1578559342.562655182 0.848953078 0.282548086 
1578559342.582663301 0.845678393 0.284796149 
1578559342.602697283 0.842383934 0.287006647 
1578559342.622699302 0.839070248 0.289179534 
1578559342.642653968 0.835737873 0.291314773 
1578559342.662684837 0.832387349 0.293412336 
1578559342.682644952 0.829019210 0.295472206 
1578559342.702683812 0.825633987 0.297494372 
1578559342.722698442 0.822232208 0.299478833 
1578559342.742636947 0.818814397 0.301425597 
1578559342.762692043 0.815381073 0.303334679 
1578559342.782650497 0.811932752 0.305206102 
1578559342.802700149 0.808469947 0.307039900 
1578559342.822656706 0.804993164 0.308836112 
1578559342.842700315 0.801502908 0.310594785 
1578559342.862670050 0.797999676 0.312315976 
1578559342.882662993 0.794483963 0.313999746 
1578559342.902737761 0.790956258 0.315646166 
1578559342.922650367 0.787417045 0.317255313 
1578559342.942669100 0.783866804 0.318827270 
1578559342.962671512 0.780306009 0.320362131 
1578559342.982658627 0.776735131 0.321859990 
1578559343.002706441 0.773154633 0.323320954 
1578559343.022672603 0.769564975 0.324745132 
1578559343.042719746 0.765966610 0.326132641 
1578559343.062677755 0.762359987 0.327483604 
1578559343.082700479 0.758745549 0.328798149 
1578559343.102684086 0.755123732 0.330076411 
1578559343.122661004 0.751494970 0.331318530 
1578559343.142718911 0.747859689 0.332524650 
1578559343.162676777 0.744218308 0.333694922 
1578559343.182689612 0.740571243 0.334829502 
1578559343.202687198 0.736918904 0.335928550 
1578559343.222660314 0.733261693 0.336992232 
1578559343.242668161 0.729600009 0.338020717 
1578559343.262662509 0.725934244 0.339014180 
1578559343.282627758 0.722264782 0.339972799 
1578559343.302681360 0.718592005 0.340896758 
1578559343.322715714 0.714916287 0.341786243 
1578559343.342681770 0.711237995 0.342641445 
1578559343.362694905 0.707557494 0.343462559 
1578559343.382637888 0.703875138 0.344249782 
1578559343.402687875 0.700191279 0.345003317 
1578559343.422664862 0.696506262 0.345723368 
1578559343.442671337 0.692820425 0.346410143 
1578559343.462655737 0.689134102 0.347063853 
1578559343.482633342 0.685447618 0.347684713 
1578559343.502689650 0.681761296 0.348272939 
1578559343.522687671 0.678075451 0.348828751 
1578559343.542703436 0.674390392 0.349352371 
1578559343.562626150 0.670706422 0.349844022 
1578559343.582669755 0.667023840 0.350303932 
1578559343.602735509 0.663342937 0.350732330 
1578559343.622669054 0.659664000 0.351129446 
1578559343.642709559 0.655987309 0.351495513 
1578559343.662666364 0.652313138 0.351830765 
1578559343.682673363 0.648641758 0.352135439 
1578559343.702670185 0.644973431 0.352409773 
1578559343.722626165 0.641308415 0.352654006 
1578559343.742694481 0.637646962 0.352868378 
1578559343.762672863 0.633989319 0.353053131 
1578559343.782686539 0.630335727 0.353208509 
1578559343.802659688 0.626686422 0.353334754 
1578559343.822705877 0.623041635 0.353432113 
1578559343.842649666 0.619401590 0.353500831 
1578559343.862653120 0.615766506 0.353541155 
1578559343.882735146 0.612136599 0.353553332 
1578559343.902692172 0.608512077 0.353537609 
1578559343.922672738 0.604893145 0.353494235 
1578559343.942684913 0.601280000 0.353423459 
1578559343.962637976 0.597672838 0.353325530 
1578559343.982700636 0.594071845 0.353200697 
1578559344.002682453 0.590477208 0.353049209 
1578559344.022667874 0.586889103 0.352871316 
1578559344.042708280 0.583307705 0.352667267 
1578559344.062685709 0.579733183 0.352437312 
1578559344.082663387 0.576165702 0.352181700 
1578559344.102673570 0.572605421 0.351900681 
1578559344.122658446 0.569052495 0.351594502 
1578559344.142661456 0.565507075 0.351263412 
1578559344.162697358 0.561969306 0.350907659 
1578559344.182663981 0.558439330 0.350527492 
1578559344.202681586 0.554917284 0.350123156 
1578559344.222693706 0.551403300 0.349694898 
1578559344.242699857 0.547897507 0.349242965 
1578559344.262730948 0.544400028 0.348767600 
1578559344.282630481 0.540910985 0.348269049 
1578559344.302710030 0.537430491 0.347747555 
1578559344.322679216 0.533958660 0.347203360 
1578559344.342667353 0.530495599 0.346636707 
1578559344.362632633 0.527041411 0.346047835 
1578559344.382662390 0.523596196 0.345436986 
1578559344.402694017 0.520160050 0.344804398 
1578559344.422662344 0.516733066 0.344150308 
1578559344.442701022 0.513315332 0.343474954 
1578559344.462727878 0.509906933 0.342778570 
1578559344.482650100 0.506507949 0.342061391 
1578559344.502674209 0.503118459 0.341323650 
1578559344.522687320 0.499738537 0.340565578 
1578559344.542686727 0.496368253 0.339787408 
1578559344.562662300 0.493007675 0.338989366 
1578559344.582671962 0.489656867 0.338171682 
1578559344.602650806 0.486315889 0.337334582 
1578559344.622682827 0.482984800 0.336478291 
1578559344.642693406 0.479663654 0.335603033 
1578559344.662699784 0.476352501 0.334709030 
1578559344.682651116 0.473051391 0.333796502 
1578559344.702691758 0.469760368 0.332865669 
1578559344.722690677 0.466479475 0.331916749 
1578559344.742676262 0.463208751 0.330949958 
1578559344.762665418 0.459948233 0.329965511 
1578559344.782636632 0.456697956 0.328963621 
1578559344.802646937 0.453457949 0.327944499 
1578559344.822633476 0.450228241 0.326908355 
1578559344.842666267 0.447008859 0.325855398 
1578559344.862705259 0.443799826 0.324785834 
1578559344.882623092 0.440601162 0.323699868 
1578559344.902659074 0.437412885 0.322597705 
1578559344.922682304 0.434235012 0.321479545 
1578559344.942682540 0.431067556 0.320345589 
1578559344.962703338 0.427910528 0.319196035 
1578559344.982680859 0.424763937 0.318031080 
1578559345.002678679 0.421627790 0.316850919 
1578559345.022672287 0.418502090 0.315655746 
1578559345.042684059 0.415386842 0.314445752 
1578559345.062663190 0.412282043 0.313221127 
1578559345.082669683 0.409187694 0.311982060 
1578559345.102684603 0.406103789 0.310728737 
1578559345.122693932 0.403030323 0.309461343 
1578559345.142689009 0.399967289 0.308180062 
1578559345.162700115 0.396914677 0.306885074 
1578559345.182634927 0.393872474 0.305576559 
1578559345.202664419 0.390840669 0.304254696 
1578559345.222689765 0.387819245 0.302919661 
1578559345.242671890 0.384808187 0.301571629 
1578559345.262719888 0.381807475 0.300210772 
1578559345.282667006 0.378817090 0.298837262 
1578559345.302690421 0.375837010 0.297451268 
1578559345.322665851 0.372867211 0.296052958 
1578559345.342669308 0.369907670 0.294642498 
1578559345.362699476 0.366958359 0.293220053 
1578559345.382653959 0.364019250 0.291785786 
1578559345.402679797 0.361090316 0.290339857 
1578559345.422654335 0.358171524 0.288882427 
1578559345.442662958 0.355262844 0.287413652 
1578559345.462687700 0.352364241 0.285933690 
1578559345.482660738 0.349475682 0.284442694 
1578559345.502703554 0.346597130 0.282940817 
1578559345.522695042 0.343728549 0.281428210 
1578559345.542638500 0.340869900 0.279905024 
1578559345.562724988 0.338021143 0.278371406 
1578559345.582607239 0.335182239 0.276827503 
1578559345.602708347 0.332353145 0.275273458 
1578559345.622630374 0.329533819 0.273709416 
1578559345.642657110 0.326724218 0.272135518 
1578559345.662661591 0.323924295 0.270551904 
1578559345.682641201 0.321134006 0.268958713 
1578559345.702703982 0.318353303 0.267356080 
1578559345.722674845 0.315582139 0.265744142 
1578559345.742697609 0.312820465 0.264123033 
1578559345.762695824 0.310068231 0.262492885 
1578559345.782666353 0.307325388 0.260853828 
1578559345.802688155 0.304591884 0.259205992 
1578559345.822676807 0.301867666 0.257549505 
1578559345.842678376 0.299152682 0.255884493 
1578559345.862659046 0.296446878 0.254211081 
1578559345.882682614 0.293750200 0.252529393 
1578559345.902650395 0.291062593 0.250839550 
1578559345.922682396 0.288384000 0.249141673 
1578559345.942679899 0.285714365 0.247435881 
1578559345.962647580 0.283053631 0.245722292 
1578559345.982690817 0.280401740 0.244001022 
1578559346.002664720 0.277758634 0.242272186 
1578559346.022724240 0.275124252 0.240535899 
1578559346.042664990 0.272498536 0.238792271 
1578559346.062640653 0.269881425 0.237041415 
1578559346.082681538 0.267272859 0.235283439 
1578559346.102696295 0.264672775 0.233518452 
1578559346.122679282 0.262081113 0.231746561 
1578559346.142667321 0.259497809 0.229967872 
1578559346.162707434 0.256922800 0.228182489 
1578559346.182639147 0.254356024 0.226390515 
1578559346.202660000 0.251797416 0.224592052 
1578559346.222615450 0.249246912 0.222787201 
1578559346.242649059 0.246704448 0.220976061 
1578559346.262679837 0.244169957 0.219158731 
1578559346.282680214 0.241643375 0.217335307 
1578559346.302651399 0.239124636 0.215505886 
1578559346.322676600 0.236613673 0.213670562 
1578559346.342697542 0.234110420 0.211829429 
1578559346.362682295 0.231614809 0.209982578 
1578559346.382643645 0.229126774 0.208130102 
1578559346.402719275 0.226646246 0.206272090 
1578559346.422599743 0.224173158 0.204408632 
1578559346.442715757 0.221707442 0.202539815 
1578559346.462655931 0.219249028 0.200665726 
1578559346.482683031 0.216797848 0.198786451 
1578559346.502691543 0.214353833 0.196902075 
1578559346.522675162 0.211916913 0.195012682 
1578559346.542676062 0.209487019 0.193118353 
1578559346.562713705 0.207064081 0.191219172 
1578559346.582684709 0.204648030 0.189315218 
1578559346.602650938 0.202238793 0.187406571 
1578559346.622673499 0.199836302 0.185493309 
1578559346.642728428 0.197440486 0.183575512 
1578559346.662682001 0.195051273 0.181653254 
1578559346.682675218 0.192668592 0.179726613 
1578559346.702689390 0.190292373 0.177795663 
1578559346.722640217 0.187922543 0.175860477 
1578559346.742638444 0.185559032 0.173921130 
1578559346.762665692 0.183201767 0.171977694 
1578559346.782712128 0.180850677 0.170030238 
1578559346.802678937 0.178505690 0.168078836 
1578559346.822660808 0.176166733 0.166123554 
1578559346.842655025 0.173833734 0.164164464 
1578559346.862704816 0.171506622 0.162201632 
1578559346.882651590 0.169185323 0.160235125 
1578559346.902661020 0.166869764 0.158265011 
1578559346.922674297 0.164559874 0.156291354 
1578559346.942688981 0.162255579 0.154314219 
1578559346.962668688 0.159956807 0.152333671 
1578559346.982744145 0.157663484 0.150349772 
1578559347.002681331 0.155375537 0.148362586 
1578559347.022669100 0.153092894 0.146372173 
1578559347.042684462 0.150815481 0.144378595 
1578559347.062670434 0.148543226 0.142381913 
1578559347.082685436 0.146276053 0.140382185 
1578559347.102701516 0.144013891 0.138379472 
1578559347.122657182 0.141756666 0.136373830 
1578559347.142706091 0.139504304 0.134365319 
1578559347.162679275 0.137256732 0.132353994 
1578559347.182621442 0.135013877 0.130339913 
1578559347.202700465 0.132775664 0.128323131 
1578559347.222650902 0.130542020 0.126303702 
1578559347.242690285 0.128312872 0.124281683 
1578559347.262673759 0.126088145 0.122257126 
1578559347.282695386 0.123867766 0.120230084 
1578559347.302691095 0.121651662 0.118200611 
1578559347.322670818 0.119439758 0.116168759 
1578559347.342680598 0.117231981 0.114134580 
1578559347.362662010 0.115028257 0.112098124 
1578559347.382698090 0.112828512 0.110059442 
1578559347.402669687 0.110632672 0.108018585 
1578559347.422644255 0.108440664 0.105975601 
1578559347.442720282 0.106252413 0.103930540 
1578559347.462669825 0.104067846 0.101883450 
1578559347.482727697 0.101886889 0.099834380 
1578559347.502678531 0.099709468 0.097783377 
1578559347.522703370 0.097535509 0.095730489 
1578559347.542710034 0.095364939 0.093675762 
1578559347.562709324 0.093197683 0.091619241 
1578559347.582667739 0.091033668 0.089560975 
1578559347.602646542 0.088872820 0.087501007 
1578559347.622682596 0.086715064 0.085439382 
1578559347.642648806 0.084560328 0.083376146 
1578559347.662676607 0.082408537 0.081311343 
1578559347.682698521 0.080259617 0.079245017 
1578559347.702645692 0.078113495 0.077177211 
1578559347.722662342 0.075970097 0.075107968 
1578559347.742668799 0.073829349 0.073037331 
1578559347.762686161 0.071691177 0.070965343 
1578559347.782685367 0.069555508 0.068892046 
1578559347.802706589 0.067422267 0.066817482 
1578559347.822673733 0.065291381 0.064741693 
1578559347.842679129 0.063162777 0.062664719 
1578559347.862681327 0.061036380 0.060586601 
1578559347.882694481 0.058912116 0.058507381 
1578559347.902683366 0.056789913 0.056427099 
1578559347.922690073 0.054669696 0.054345795 
1578559347.942674865 0.052551392 0.052263509 
1578559347.962736429 0.050434926 0.050180280 
1578559347.982630396 0.048320226 0.048096149 
1578559348.002685355 0.046207217 0.046011154 
1578559348.022666699 0.044095827 0.043925335 
1578559348.042661232 0.041985981 0.041838729 
1578559348.062645728 0.039877605 0.039751377 
1578559348.082670837 0.037770627 0.037663316 
1578559348.102666317 0.035664972 0.035574585 
1578559348.122643854 0.033560567 0.033485222 
1578559348.142666810 0.031457339 0.031395265 
1578559348.162683906 0.029355213 0.029304751 
1578559348.182697839 0.027254117 0.027213719 
1578559348.202664577 0.025153976 0.025122206 
1578559348.222668962 0.023054718 0.023030249 
1578559348.242658956 0.020956268 0.020937885 
1578559348.262646068 0.018858553 0.018845153 
1578559348.282696419 0.016761499 0.016752089 
1578559348.302692013 0.014665034 0.014658730 
1578559348.322639939 0.012569083 0.012565114 
1578559348.342662229 0.010473574 0.010471276 
1578559348.362670796 0.008378431 0.008377255 
1578559348.382664015 0.006283583 0.006283087 
1578559348.402680939 0.004188955 0.004188808 
1578559348.422672883 0.002094474 0.002094456 
1578559348.462622619 -0.002094340 -0.002094322 
1578559348.482692035 -0.002094340 -0.002094322 
1578559348.502665019 -0.002094340 -0.002094322 
1578559348.522670810 -0.002094340 -0.002094322 
1578559348.542658500 -0.002094340 -0.002094322 
1578559348.562661531 -0.002094340 -0.002094322 
1578559348.582663639 -0.002094340 -0.002094322 
1578559348.602643842 -0.002094340 -0.002094322 
1578559348.622655024 -0.002094340 -0.002094322 
1578559348.642660759 -0.002094340 -0.002094322 
1578559348.662662846 -0.002094340 -0.002094322 
1578559348.682664775 -0.002094340 -0.002094322 
1578559348.702640969 -0.002094340 -0.002094322 
1578559348.722669341 -0.002094340 -0.002094322 
1578559348.742663669 -0.002094340 -0.002094322 
1578559348.762657633 -0.002094340 -0.002094322 
1578559348.782692069 -0.002094340 -0.002094322 
1578559348.802673177 -0.002094340 -0.002094322 
1578559348.822689541 -0.002094340 -0.002094322 
1578559348.842763678 -0.002094340 -0.002094322 
1578559348.862693309 -0.002094340 -0.002094322 
1578559348.882662058 -0.002094340 -0.002094322 
1578559348.902668312 -0.002094340 -0.002094322 
1578559348.922655625 -0.002094340 -0.002094322 
1578559348.942681370 -0.002094340 -0.002094322 
1578559348.962714223 -0.002094340 -0.002094322 
1578559348.982682736 -0.002094340 -0.002094322 
1578559349.002634839 -0.002094340 -0.002094322 
1578559349.022654765 -0.002094340 -0.002094322 
1578559349.042711248 -0.002094340 -0.002094322 
1578559349.062673786 -0.002094340 -0.002094322 
1578559349.082645800 -0.002094340 -0.002094322 
1578559349.102674305 -0.002094340 -0.002094322 
1578559349.122643281 -0.002094340 -0.002094322 
1578559349.142731450 -0.002094340 -0.002094322 
1578559349.162646587 -0.002094340 -0.002094322 
1578559349.182676600 -0.002094340 -0.002094322 
1578559349.202679395 -0.002094340 -0.002094322 
1578559349.222641710 -0.002094340 -0.002094322 
1578559349.242670379 -0.002094340 -0.002094322 
1578559349.262669474 -0.002094340 -0.002094322 
1578559349.282689859 -0.002094340 -0.002094322 
1578559349.302688396 -0.002094340 -0.002094322 
1578559349.322659399 -0.002094340 -0.002094322 
1578559349.342662428 -0.002094340 -0.002094322 
1578559349.362664641 -0.002094340 -0.002094322 
1578559349.382726409 -0.002094340 -0.002094322 
1578559349.402669487 -0.002094340 -0.002094322 
1578559349.422657827 -0.002094340 -0.002094322 
1578559349.442706834 -0.002094340 -0.002094322 
1578559349.462665822 -0.002094340 -0.002094322 
1578559349.482694785 -0.002094340 -0.002094322 
1578559349.502672260 -0.002094340 -0.002094322 
1578559349.522662135 -0.002094340 -0.002094322 
1578559349.542667800 -0.002094340 -0.002094322 
1578559349.562639264 -0.002094340 -0.002094322 
1578559349.582662451 -0.002094340 -0.002094322 
1578559349.602662215 -0.002094340 -0.002094322 
1578559349.622670692 -0.002094340 -0.002094322 
1578559349.642635914 -0.002094340 -0.002094322 
1578559349.662691430 -0.002094340 -0.002094322 
1578559349.682659050 -0.002094340 -0.002094322 
1578559349.702686550 -0.002094340 -0.002094322 
1578559349.722654966 -0.002094340 -0.002094322 
1578559349.742653902 -0.002094340 -0.002094322 
1578559349.762628711 -0.002094340 -0.002094322 
1578559349.782668225 -0.002094340 -0.002094322 
1578559349.802689837 -0.002094340 -0.002094322 
1578559349.822661619 -0.002094340 -0.002094322 
1578559349.842665863 -0.002094340 -0.002094322 
1578559349.862685329 -0.002094340 -0.002094322 
1578559349.882694673 -0.002094340 -0.002094322 
1578559349.902647119 -0.002094340 -0.002094322 
1578559349.922648324 -0.002094340 -0.002094322 
1578559349.942654234 -0.002094340 -0.002094322 
1578559349.962637049 -0.002094340 -0.002094322 
1578559349.982709041 -0.002094340 -0.002094322 
1578559350.002665295 -0.002094340 -0.002094322 
1578559350.022676600 -0.002094340 -0.002094322 
1578559350.042700722 -0.002094340 -0.002094322 
1578559350.062656098 -0.002094340 -0.002094322 
1578559350.082674845 -0.002094340 -0.002094322 
1578559350.102724463 -0.002094340 -0.002094322 
1578559350.122659157 -0.002094340 -0.002094322 
1578559350.142714437 -0.002094340 -0.002094322 
1578559350.162666800 -0.002094340 -0.002094322 
1578559350.182706898 -0.002094340 -0.002094322 
1578559350.202679593 -0.002094340 -0.002094322 
1578559350.222684153 -0.002094340 -0.002094322 
1578559350.242714776 -0.002094340 -0.002094322 
1578559350.262666259 -0.002094340 -0.002094322 
1578559350.282708445 -0.002094340 -0.002094322 
1578559350.302686094 -0.002094340 -0.002094322 
1578559350.322680031 -0.002094340 -0.002094322 
1578559350.342669141 -0.002094340 -0.002094322 
1578559350.362670655 -0.002094340 -0.002094322 
1578559350.382671899 -0.002094340 -0.002094322 
1578559350.402711727 -0.002094340 -0.002094322 
1578559350.422694676 -0.002094340 -0.002094322 
1578559350.442688795 -0.002094340 -0.002094322 
1578559350.462725457 -0.002094340 -0.002094322 
1578559350.482707909 -0.002094340 -0.002094322 
1578559350.502681911 -0.002094340 -0.002094322 
1578559350.522684307 -0.002094340 -0.002094322 
1578559350.542714833 -0.002094340 -0.002094322 
1578559350.562721541 -0.002094340 -0.002094322 
1578559350.582699377 -0.002094340 -0.002094322 
1578559350.602672738 -0.002094340 -0.002094322 
1578559350.622688489 -0.002094340 -0.002094322 
1578559350.642676120 -0.002094340 -0.002094322 
1578559350.662657260 -0.002094340 -0.002094322 
1578559350.682760078 -0.002094340 -0.002094322 
1578559350.702674949 -0.002094340 -0.002094322 
1578559350.722685316 -0.002094340 -0.002094322 
1578559350.742684695 -0.002094340 -0.002094322 
1578559350.762652724 -0.002094340 -0.002094322 
1578559350.782707926 -0.002094340 -0.002094322 
1578559350.802684090 -0.002094340 -0.002094322 
1578559350.822683155 -0.002094340 -0.002094322 
1578559350.842654123 -0.002094340 -0.002094322 
1578559350.862656241 -0.002094340 -0.002094322 
1578559350.882712053 -0.002094340 -0.002094322 
1578559350.902664073 -0.002094340 -0.002094322 
1578559350.922773685 -0.002094340 -0.002094322 
1578559350.942676931 -0.002094340 -0.002094322 
1578559350.962699393 -0.002094340 -0.002094322 
1578559350.982706532 -0.002094340 -0.002094322 
1578559351.002691550 -0.002094340 -0.002094322 
1578559351.022721993 -0.002094340 -0.002094322 
1578559351.042682049 -0.002094340 -0.002094322 
1578559351.062733891 -0.002094340 -0.002094322 
1578559351.082666100 -0.002094340 -0.002094322 
1578559351.102626683 -0.002094340 -0.002094322 
1578559351.122672137 -0.002094340 -0.002094322 
1578559351.142650143 -0.002094340 -0.002094322 
1578559351.162725712 -0.002094340 -0.002094322 
1578559351.182645895 -0.002094340 -0.002094322 
1578559351.202617841 -0.002094340 -0.002094322 
1578559351.222650088 -0.002094340 -0.002094322 
1578559351.242632709 -0.002094340 -0.002094322 
1578559351.262723831 -0.002094340 -0.002094322 
1578559351.282683201 -0.002094340 -0.002094322 
1578559351.302661751 -0.002094340 -0.002094322 
1578559351.322683624 -0.002094340 -0.002094322 
1578559351.342703362 -0.002094340 -0.002094322 
1578559351.362664812 -0.002094340 -0.002094322 
1578559351.382705433 -0.002094340 -0.002094322 
1578559351.402692420 -0.002094340 -0.002094322 
1578559351.422707186 -0.002094340 -0.002094322 
1578559351.442708341 -0.002094340 -0.002094322 
1578559351.462679257 -0.002094340 -0.002094322 
1578559351.482677227 -0.002094340 -0.002094322 
1578559351.502716867 -0.002094340 -0.002094322 
1578559351.522692477 -0.002094340 -0.002094322 
1578559351.542693439 -0.002094340 -0.002094322 
1578559351.562667366 -0.002094340 -0.002094322 
1578559351.582686378 -0.002094340 -0.002094322 
1578559351.602694844 -0.002094340 -0.002094322 
1578559351.622693112 -0.002094340 -0.002094322 
1578559351.642676054 -0.002094340 -0.002094322 
1578559351.662705174 -0.002094340 -0.002094322 
1578559351.682649324 -0.002094340 -0.002094322 
1578559351.702691851 -0.002094340 -0.002094322 
1578559351.722659934 -0.002094340 -0.002094322 
1578559351.742677888 -0.002094340 -0.002094322 
1578559351.762690627 -0.002094340 -0.002094322 
1578559351.782668643 -0.002094340 -0.002094322 
1578559351.802681331 -0.002094340 -0.002094322 
1578559351.822666357 -0.002094340 -0.002094322 
1578559351.842665195 -0.002094340 -0.002094322 
1578559351.862688766 -0.002094340 -0.002094322 
1578559351.882765544 -0.002094340 -0.002094322 
1578559351.902658732 -0.002094340 -0.002094322 
1578559351.922652101 -0.002094340 -0.002094322 
1578559351.942723424 -0.002094340 -0.002094322 
1578559351.962657808 -0.002094340 -0.002094322 
1578559351.982722705 -0.002094340 -0.002094322 
1578559352.002684932 -0.002094340 -0.002094322 
1578559352.022715635 -0.002094340 -0.002094322 
1578559352.042648710 -0.002094340 -0.002094322 
1578559352.062678675 -0.002094340 -0.002094322 
1578559352.082650502 -0.002094340 -0.002094322 
1578559352.102707922 -0.002094340 -0.002094322 
1578559352.122681093 -0.002094340 -0.002094322 
1578559352.142705097 -0.002094340 -0.002094322 
1578559352.162699112 -0.002094340 -0.002094322 
1578559352.182653575 -0.002094340 -0.002094322 
1578559352.202701949 -0.002094340 -0.002094322 
1578559352.222696460 -0.002094340 -0.002094322 
1578559352.242671794 -0.002094340 -0.002094322 
1578559352.262716283 -0.002094340 -0.002094322 
1578559352.282687903 -0.002094340 -0.002094322 
1578559352.302713581 -0.002094340 -0.002094322 
1578559352.322712941 -0.002094340 -0.002094322 
1578559352.342680618 -0.002094340 -0.002094322 
1578559352.362694147 -0.002094340 -0.002094322 
1578559352.382663081 -0.002094340 -0.002094322 
1578559352.402648231 -0.002094340 -0.002094322 
1578559352.422743500 -0.002094340 -0.002094322 
1578559352.442682006 -0.002094340 -0.002094322 
1578559352.462677087 -0.002094340 -0.002094322 
1578559352.482648892 -0.002094340 -0.002094322 
1578559352.502711960 -0.002094340 -0.002094322 
1578559352.522698978 -0.002094340 -0.002094322 
1578559352.542727070 -0.002094340 -0.002094322 
1578559352.562655506 -0.002094340 -0.002094322 
1578559352.582733361 -0.002094340 -0.002094322 
1578559352.602682496 -0.002094340 -0.002094322 
1578559352.622704517 -0.002094340 -0.002094322 
1578559352.642711546 -0.002094340 -0.002094322 
1578559352.662732274 -0.002094340 -0.002094322 
1578559352.682711165 -0.002094340 -0.002094322 
1578559352.702649116 -0.002094340 -0.002094322 
1578559352.722692965 -0.002094340 -0.002094322 
1578559352.742691769 -0.002094340 -0.002094322 
1578559352.762714268 -0.002094340 -0.002094322 
1578559352.782652237 -0.002094340 -0.002094322 
1578559352.802673624 -0.002094340 -0.002094322 
1578559352.822702385 -0.002094340 -0.002094322 
1578559352.842672877 -0.002094340 -0.002094322 
1578559352.862672732 -0.002094340 -0.002094322 
1578559352.882654467 -0.002094340 -0.002094322 
1578559352.902712404 -0.002094340 -0.002094322 
1578559352.922685874 -0.002094340 -0.002094322 
1578559352.942726083 -0.002094340 -0.002094322 
1578559352.962702182 -0.002094340 -0.002094322 
1578559352.982655652 -0.002094340 -0.002094322 
1578559353.002665059 -0.002094340 -0.002094322 
1578559353.022665329 -0.002094340 -0.002094322 
1578559353.042715602 -0.002094340 -0.002094322 
1578559353.062675803 -0.002094340 -0.002094322 
1578559353.082700923 -0.002094340 -0.002094322 
1578559353.102691247 -0.002094340 -0.002094322 
1578559353.122674680 -0.002094340 -0.002094322 
1578559353.142665924 -0.002094340 -0.002094322 
1578559353.162675023 -0.002094340 -0.002094322 
1578559353.182641724 -0.002094340 -0.002094322 
1578559353.202689277 -0.002094340 -0.002094322 
1578559353.222723092 -0.002094340 -0.002094322 
1578559353.242666869 -0.002094340 -0.002094322 
1578559353.262669208 -0.002094340 -0.002094322 
1578559353.282655386 -0.002094340 -0.002094322 
1578559353.302677542 -0.002094340 -0.002094322 
1578559353.322714823 -0.002094340 -0.002094322 
1578559353.342672156 -0.002094340 -0.002094322 
1578559353.362662736 -0.002094340 -0.002094322 
1578559353.382781740 -0.002094340 -0.002094322 
1578559353.402671647 -0.002094340 -0.002094322 
1578559353.422722432 -0.002094340 -0.002094322 
1578559353.442679509 -0.002094340 -0.002094322 
1578559353.462684228 -0.002094340 -0.002094322 
1578559353.482664819 -0.002094340 -0.002094322 
1578559353.502653276 -0.002094340 -0.002094322 
1578559353.522706795 -0.002094340 -0.002094322 
1578559353.542661288 -0.002094340 -0.002094322 
1578559353.562688748 -0.002094340 -0.002094322 
1578559353.582656542 -0.002094340 -0.002094322 
1578559353.602704720 -0.002094340 -0.002094322 
1578559353.622715837 -0.002094340 -0.002094322 
1578559353.642655422 -0.002094340 -0.002094322 
1578559353.662659000 -0.002094340 -0.002094322 
1578559353.682688797 -0.002094340 -0.002094322 
1578559353.702697793 -0.002094340 -0.002094322 
1578559353.722656666 -0.002094340 -0.002094322 
1578559353.742713121 -0.002094340 -0.002094322 
1578559353.762667660 -0.002094340 -0.002094322 
1578559353.782687757 -0.002094340 -0.002094322 
1578559353.802708942 -0.002094340 -0.002094322 
1578559353.822654629 -0.002094340 -0.002094322 
1578559353.842726826 -0.002094340 -0.002094322 
1578559353.862682864 -0.002094340 -0.002094322 
1578559353.882725011 -0.002094340 -0.002094322 
1578559353.902689011 -0.002094340 -0.002094322 
1578559353.922683409 -0.002094340 -0.002094322 
1578559353.942629332 -0.002094340 -0.002094322 
1578559353.962654134 -0.002094340 -0.002094322 
1578559353.982689546 -0.002094340 -0.002094322 
1578559354.002724414 -0.002094340 -0.002094322 
1578559354.022671451 -0.002094340 -0.002094322 
1578559354.042752060 -0.002094340 -0.002094322 
1578559354.062649332 -0.002094340 -0.002094322 
1578559354.082707822 -0.002094340 -0.002094322 
1578559354.102640870 -0.002094340 -0.002094322 
1578559354.122665427 -0.002094340 -0.002094322 
1578559354.142667495 -0.002094340 -0.002094322 
1578559354.162635004 -0.002094340 -0.002094322 
1578559354.182761320 -0.002094340 -0.002094322 
1578559354.202653216 -0.002094340 -0.002094322 
1578559354.222674497 -0.002094340 -0.002094322 
1578559354.242703867 -0.002094340 -0.002094322 
1578559354.262671561 -0.002094340 -0.002094322 
1578559354.282708851 -0.002094340 -0.002094322 
1578559354.302664881 -0.002094340 -0.002094322 
1578559354.322684388 -0.002094340 -0.002094322 
1578559354.342714598 -0.002094340 -0.002094322 
1578559354.362656630 -0.002094340 -0.002094322 
1578559354.382665376 -0.002094340 -0.002094322 
1578559354.402650264 -0.002094340 -0.002094322 
1578559354.422661587 -0.002094340 -0.002094322 
